https://www.kaggle.com/gpiosenka/autistic-children-data-set-traintestvalidate

Non_Autistic dataset duplicates
[(915, 914), (1467, 1327), (1468, 1328), (1469, 1329), (1470, 1330), (1471, 1331), (1472, 1332), (1473, 1333), (1474, 1334), (1475, 1335), (1476, 1336), (1477, 1337), (1478, 1338), (1479, 1339), (1480, 1340), (1481, 1341), (1483, 1343), (1484, 1344), (1485, 1345), (1486, 1346), (1487, 1347), (1488, 1348), (1489, 1349), (1490, 1350), (1491, 1351), (1492, 1352), (1493, 1353), (1494, 1354), (1495, 1355), (1496, 1356)]


Autistic dataset duplicates
[(914, 913), (1069, 1068), (1468, 1328), (1469, 1329), (1470, 1330), (1471, 1331), (1472, 1332), (1473, 1333), (1474, 1334), (1475, 1335), (1476, 1336), (1479, 1337), (1481, 1338), (1483, 1353), (1485, 1354), (1487, 1355), (1489, 1356), (1491, 1357), (1494, 1358), (1495, 1359), (1496, 1360), (1498, 1362), (1499, 1363), (1501, 1365), (1502, 1366), (1503, 1420), (1504, 1421), (1505, 1422), (1506, 1423)]
0047 0033
0812 0018
0867 0236
1330 0977
0934 1333
0951 1334
0936 1335
0943 1336

Stock photos removed from Autistic data
0038
0519
0907
0917
0926

Photos removed from Autistic data because they are too young
0235
0289
0406
0417
0529
0864
0865
1164
1342

Photos removed Peremptory from Autistic data
0324
0339
0449
0585
0350
0686
0827
0830
0912
0924
1028
1249
1162
1317

Non_Autistic dataset duplicates
[(915, 914), (1467, 1327), (1468, 1328), (1469, 1329), (1470, 1330), (1471, 1331), (1472, 1332), (1473, 1333), (1474, 1334), (1475, 1335), (1476, 1336), (1477, 1337), (1478, 1338), (1479, 1339), (1480, 1340), (1481, 1341), (1483, 1343), (1484, 1344), (1485, 1345), (1486, 1346), (1487, 1347), (1488, 1348), (1489, 1349), (1490, 1350), (1491, 1351), (1492, 1352), (1493, 1353), (1494, 1354), (1495, 1355), (1496, 1356)]

Photos removed from NON Autistic data because they are too young
0005
0102
0115
0116
0117
0134
0136
0137
0138
0139
0140
0156
0158
0201
0222
0231
0231
0258
0259
0260
0285
0286



Photos removed Peremptory from NON Autistic data
